0 16
1 9
2 11
3 9
4 13
5 9
6 11
7 14
8 0
9 11
10 9
11 0
12 9
13 7
14 9
15 9
16 2
17 0
18 9
19 2
20 6
21 5
22 9
23 2
24 2
25 0
26 11
27 2
28 6
29 10
30 0
31 9
32 16
33 2
34 3
35 13
36 2
37 9
38 2
39 2
40 0
41 7
42 0
43 14
44 0
45 14
46 16
47 16
48 13
49 6
50 8
51 6
52 6
53 9
54 2
55 14
56 9
57 6
58 2
59 16
60 9
61 14
62 0
63 13
64 2
65 11
66 9
67 0
68 2
69 2
70 14
71 0
72 14
73 2
74 8
75 9
76 2
77 7
78 14
79 2
80 9
81 0
82 2
83 7
84 14
85 2
86 2
87 13
88 13
89 3
90 9
91 2
92 9
93 2
94 11
95 16
96 9
97 16
98 9
99 11
100 11
101 9
102 0
103 14
104 13
105 13
106 13
107 9
108 6
109 8
110 7
111 8
112 9
113 0
114 0
115 2
116 16
117 9
118 2
119 6
120 9
121 9
122 8
123 9
124 9
125 9
126 9
127 14
128 0
129 13
130 0
131 2
132 2
133 11
134 16
135 6
136 0
137 14
138 0
139 15
140 9
141 13
142 9
143 14
144 2
145 0
146 6
147 14
148 2
149 2
150 9
151 7
152 7
153 13
154 9
155 2
156 16
157 9
158 11
159 2
160 9
161 9
162 2
163 14
164 9
165 6
166 2
167 11
168 2
169 15
170 14
171 0
172 2
173 2
174 16
175 16
176 0
177 14
178 6
179 11
180 9
181 0
182 2
183 11
184 2
185 0
186 9
187 2
188 9
189 9
190 11
191 0
192 2
193 14
194 9
195 14
196 14
197 9
198 9
199 9
200 13
201 6
202 0
203 0
204 0
205 15
206 13
207 2
208 2
209 0
210 9
211 14
212 13
213 2
214 6
215 14
216 5
217 9
218 11
219 6
220 9
221 9
222 9
223 9
224 0
225 2
226 13
227 0
228 13
229 0
230 9
231 3
232 9
233 0
234 0
235 14
236 2
237 9
238 8
239 12
240 9
241 11
242 8
243 9
244 0
245 2
246 11
247 8
248 17
249 6
250 9
251 11
252 7
253 2
254 2
255 0
256 11
257 16
258 8
259 2
260 9
261 14
262 2
263 5
264 2
265 2
266 2
267 16
268 9
269 6
270 6
271 0
272 9
273 9
274 2
275 1
276 9
277 9
278 9
279 0
280 16
281 0
282 2
283 2
284 0
285 11
286 0
287 0
288 2
289 9
290 0
291 2
292 9
293 17
294 4
295 9
296 13
297 9
298 2
299 9
300 11
301 0
302 8
303 9
304 0
305 2
306 16
307 16
308 4
309 9
310 2
311 0
312 16
313 2
314 2
315 11
316 2
317 13
318 14
319 0
320 0
321 0
322 14
323 9
324 6
325 10
326 13
327 2
328 6
329 9
330 9
331 14
332 9
333 2
334 9
335 14
336 6
337 13
338 14
339 9
340 9
341 9
342 11
343 10
344 2
345 0
346 11
347 16
348 9
349 2
350 14
351 2
352 2
353 11
354 0
355 6
356 9
357 8
358 6
359 9
360 0
361 2
362 0
363 14
364 0
365 8
366 11
367 0
368 2
369 11
370 2
371 7
372 14
373 9
374 6
375 16
376 9
377 13
378 0
379 14
380 0
381 3
382 2
383 9
384 6
385 11
386 12
387 2
388 14
389 3
390 6
391 14
392 9
393 11
394 11
395 0
396 3
397 16
398 0
399 0
400 0
401 2
402 6
403 14
404 0
405 15
406 0
407 2
408 14
409 9
410 0
411 2
412 11
413 16
414 14
415 13
416 0
417 0
418 7
419 2
420 0
421 9
422 5
423 4
424 9
425 2
426 9
427 0
428 14
429 16
430 3
431 2
432 7
433 11
434 16
435 9
436 13
437 11
438 10
439 2
440 6
441 9
442 6
443 13
444 2
445 9
446 6
447 11
448 13
449 7
450 9
451 0
452 6
453 8
454 9
455 2
456 0
457 0
458 6
459 0
460 13
461 16
462 9
463 9
464 9
465 0
466 9
467 2
468 0
469 0
470 6
471 16
472 9
473 0
474 3
475 2
476 9
477 9
478 9
479 14
480 13
481 9
482 11
483 8
484 9
485 7
486 9
487 11
488 0
489 6
490 0
491 0
492 6
493 0
494 14
495 2
496 14
497 16
498 0
499 0
500 0
501 3
502 14
503 0
504 9
505 2
506 2
507 0
508 9
509 2
510 9
511 8
512 11
513 14
514 14
515 9
516 14
517 0
518 9
519 6
520 9
521 16
522 13
523 12
524 7
525 0
526 0
527 2
528 2
529 9
530 2
531 13
532 6
533 0
534 6
535 14
536 0
537 6
538 16
539 2
540 9
541 9
542 6
543 10
544 6
545 7
546 9
547 2
548 0
549 2
550 2
551 2
552 0
553 0
554 14
555 0
556 13
557 9
558 9
559 0
560 2
561 7
562 11
563 6
564 11
565 7
566 11
567 0
568 0
569 14
570 16
571 9
572 2
573 16
574 9
575 11
576 9
577 9
578 14
579 9
580 8
581 0
582 16
583 9
584 11
585 11
586 2
587 8
588 9
589 0
590 1
591 16
592 2
593 10
594 16
595 2
596 0
597 4
598 11
599 2
600 3
601 11
602 11
603 2
604 16
605 9
606 2
607 16
608 9
609 9
610 6
611 9
612 2
613 2
614 7
615 9
616 9
617 11
618 0
619 9
620 7
621 6
622 4
623 6
624 2
625 9
626 14
627 2
628 9
629 0
630 9
631 6
632 11
633 14
634 9
635 14
636 16
637 14
638 9
639 0
640 7
641 5
642 14
643 9
644 9
645 2
646 2
647 6
648 2
649 2
650 0
651 14
652 16
653 14
654 2
655 9
656 11
657 0
658 11
659 0
660 9
661 16
662 2
663 9
664 0
665 16
666 9
667 11
668 0
669 9
670 11
671 8
672 2
673 2
674 0
675 6
676 14
677 13
678 2
679 11
680 6
681 0
682 16
683 0
684 11
685 0
686 2
687 1
688 16
689 13
690 13
691 14
692 9
693 14
694 2
695 13
696 0
697 9
698 9
699 0
700 9
701 0
702 9
703 9
704 2
705 7
706 9
707 0
708 6
709 14
710 6
711 9
712 11
713 0
714 14
715 0
716 9
717 2
718 2
719 2
720 9
721 2
722 14
723 2
724 11
725 9
726 6
727 16
728 9
729 15
730 0
731 9
732 0
733 14
734 0
735 8
736 9
737 9
738 16
739 0
740 8
741 0
742 0
743 0
744 14
745 14
746 2
747 16
748 2
749 14
750 16
751 0
752 11
753 0
754 0
755 0
756 6
757 14
758 6
759 2
760 16
761 9
762 9
763 0
764 8
765 2
766 2
767 6
768 9
769 7
770 6
771 13
772 2
773 2
774 7
775 11
776 16
777 11
778 13
779 9
780 11
781 1
782 16
783 9
784 2
785 13
786 16
787 2
788 6
789 6
790 6
791 6
792 14
793 6
794 13
795 2
796 2
797 11
798 6
799 0
800 0
801 0
802 9
803 11
804 13
805 0
806 9
807 2
808 0
809 9
810 10
811 5
812 6
813 7
814 8
815 9
816 2
817 9
818 9
819 2
820 0
821 9
822 6
823 2
824 6
825 14
826 2
827 9
828 16
829 2
830 7
831 2
832 9
833 13
834 2
835 2
836 6
837 8
838 0
839 7
840 5
841 6
842 6
843 14
844 0
845 2
846 10
847 0
848 9
849 2
850 9
851 0
852 0
853 14
854 6
855 2
856 0
857 2
858 6
859 0
860 11
861 2
862 9
863 16
864 4
865 14
866 7
867 0
868 6
869 11
870 4
871 9
872 9
873 8
874 2
875 16
876 16
877 14
878 6
879 13
880 9
881 2
882 9
883 4
884 9
885 7
886 6
887 6
888 9
889 9
890 2
891 17
892 9
893 9
894 6
895 6
896 9
897 2
898 11
899 13
900 14
901 16
902 2
903 9
904 13
905 13
906 13
907 10
908 0
909 0
910 13
911 9
912 0
913 6
914 2
915 9
916 8
917 11
918 5
919 9
920 2
921 10
922 8
923 0
924 14
925 16
926 9
927 13
928 9
929 14
930 2
931 2
932 8
933 9
934 0
935 14
936 13
937 9
938 2
939 14
940 2
941 9
942 9
943 13
944 0
945 16
946 8
947 0
948 11
949 9
950 9
951 0
952 1
953 6
954 9
955 13
956 13
957 2
958 9
959 9
960 14
961 9
962 11
963 2
964 9
965 4
966 8
967 2
968 16
969 2
970 2
971 8
972 9
973 14
974 14
975 5
976 9
977 9
978 6
979 11
980 16
981 9
982 9
983 0
984 11
985 2
986 9
987 5
988 2
989 9
990 14
991 14
992 9
993 2
994 3
995 9
996 9
997 9
998 3
999 2
1000 9
1001 0
1002 0
1003 14
1004 0
1005 2
1006 0
1007 0
1008 16
1009 0
1010 6
1011 2
1012 0
1013 2
1014 13
1015 0
1016 2
1017 0
1018 0
1019 0
1020 16
1021 9
1022 16
1023 2
1024 9
1025 16
1026 0
1027 6
1028 4
1029 2
1030 16
1031 9
1032 9
1033 2
1034 0
1035 2
1036 1
1037 8
1038 0
1039 0
1040 16
1041 13
1042 2
1043 2
1044 0
1045 9
1046 13
1047 0
1048 9
1049 8
1050 2
1051 9
1052 9
1053 9
1054 2
1055 15
1056 3
1057 8
1058 9
1059 10
1060 6
1061 2
1062 9
1063 0
1064 9
1065 9
1066 9
1067 0
1068 14
1069 2
1070 0
1071 11
1072 2
1073 0
1074 0
1075 6
1076 0
1077 11
1078 2
1079 9
1080 2
1081 0
1082 9
1083 2
1084 14
1085 2
1086 14
1087 1
1088 2
1089 2
1090 9
1091 13
1092 2
1093 16
1094 14
1095 8
1096 6
1097 7
1098 9
1099 9
1100 16
1101 0
1102 2
1103 0
1104 13
1105 2
1106 2
1107 13
1108 0
1109 6
1110 11
1111 0
1112 9
1113 2
1114 6
1115 14
1116 16
1117 3
1118 9
1119 2
1120 0
1121 14
1122 8
1123 17
1124 14
1125 6
1126 0
1127 0
1128 9
1129 0
1130 0
1131 9
1132 9
1133 16
1134 5
1135 14
1136 3
1137 13
1138 2
1139 6
1140 6
1141 6
1142 9
1143 2
1144 9
1145 8
1146 9
1147 6
1148 9
1149 7
1150 2
1151 7
1152 2
1153 9
1154 7
1155 0
1156 7
1157 9
1158 2
1159 11
1160 2
1161 2
1162 9
1163 14
1164 6
1165 9
1166 16
1167 14
1168 9
1169 14
1170 0
1171 5
1172 0
1173 3
1174 0
1175 9
1176 2
1177 13
1178 14
1179 13
1180 11
1181 6
1182 9
1183 9
1184 9
1185 2
1186 7
1187 13
1188 9
1189 2
1190 16
1191 9
1192 6
1193 9
1194 7
1195 9
1196 14
1197 6
1198 2
1199 9
1200 13
1201 6
1202 0
1203 9
1204 14
1205 11
1206 14
1207 14
1208 9
1209 16
1210 14
1211 9
1212 9
1213 11
1214 0
1215 2
1216 14
1217 9
1218 9
1219 2
1220 8
1221 9
1222 8
1223 7
1224 13
1225 9
1226 0
1227 2
1228 3
1229 13
1230 9
1231 2
1232 16
1233 14
1234 0
1235 9
1236 9
1237 13
1238 8
1239 2
1240 0
1241 9
1242 13
1243 11
1244 0
1245 13
1246 9
1247 6
1248 2
1249 11
1250 13
1251 8
1252 15
1253 14
1254 2
1255 16
1256 9
1257 11
1258 14
1259 9
1260 0
1261 9
1262 16
1263 8
1264 0
1265 1
1266 4
1267 0
1268 7
1269 13
1270 14
1271 6
1272 0
1273 0
1274 0
1275 13
1276 13
1277 9
1278 13
1279 3
1280 0
1281 6
1282 6
1283 16
1284 11
1285 9
1286 11
1287 2
1288 9
1289 2
1290 2
1291 16
1292 2
1293 0
1294 11
1295 9
1296 13
1297 13
1298 2
1299 2
1300 2
1301 2
1302 2
1303 9
1304 6
1305 16
1306 6
1307 2
1308 8
1309 11
1310 9
1311 9
1312 9
1313 2
1314 0
1315 5
1316 6
1317 13
1318 14
1319 14
1320 7
1321 0
1322 9
1323 9
1324 9
1325 0
1326 16
1327 13
1328 14
1329 9
1330 8
1331 5
1332 0
1333 4
1334 0
1335 13
1336 14
1337 0
1338 14
1339 17
1340 6
1341 6
1342 9
1343 9
1344 3
1345 2
1346 9
1347 2
1348 0
1349 2
1350 9
1351 9
1352 9
1353 9
1354 14
1355 11
1356 6
1357 14
1358 2
1359 6
1360 7
1361 2
1362 11
1363 13
1364 9
1365 9
1366 6
1367 0
1368 2
1369 9
1370 2
1371 9
1372 0
1373 6
1374 2
1375 14
1376 9
1377 6
1378 8
1379 0
1380 2
1381 0
1382 14
1383 9
1384 9
1385 13
1386 7
1387 0
1388 9
1389 0
1390 9
1391 11
1392 2
1393 0
1394 2
1395 13
1396 9
1397 0
1398 8
1399 4
1400 0
1401 9
1402 9
1403 9
1404 9
1405 13
1406 14
1407 13
1408 0
1409 9
1410 0
1411 0
1412 9
1413 2
1414 9
1415 9
1416 14
1417 7
1418 13
1419 2
1420 9
1421 9
1422 14
1423 14
1424 16
1425 9
1426 11
1427 5
1428 13
1429 16
1430 2
1431 16
1432 2
1433 9
1434 0
1435 9
1436 8
1437 15
1438 9
1439 2
1440 14
1441 6
1442 9
1443 15
1444 6
1445 11
1446 0
1447 7
1448 7
1449 2
1450 14
1451 14
1452 10
1453 2
1454 16
1455 6
1456 9
1457 9
1458 14
1459 3
1460 9
1461 13
1462 11
1463 6
1464 2
1465 0
1466 9
1467 2
1468 2
1469 14
1470 11
1471 16
1472 9
1473 11
1474 2
1475 9
1476 0
1477 2
1478 9
1479 9
1480 7
1481 2
1482 0
1483 16
1484 13
1485 14
1486 16
1487 2
1488 2
1489 15
1490 9
1491 4
1492 11
1493 2
1494 2
1495 6
1496 14
1497 9
1498 2
1499 9
1500 14
1501 2
1502 0
1503 8
1504 9
1505 9
1506 2
1507 5
1508 9
1509 7
1510 2
1511 0
1512 0
1513 13
1514 0
1515 2
1516 2
1517 0
1518 2
1519 14
1520 16
1521 6
1522 0
1523 14
1524 0
1525 8
1526 6
1527 8
1528 6
1529 2
1530 6
1531 6
1532 0
1533 13
1534 9
1535 11
1536 16
1537 2
1538 9
1539 11
1540 0
1541 0
1542 2
1543 0
1544 14
1545 6
1546 9
1547 0
1548 11
1549 2
1550 14
1551 11
1552 9
1553 9
1554 2
1555 0
1556 6
1557 0
1558 2
1559 14
1560 7
1561 9
1562 0
1563 9
1564 16
1565 0
1566 6
1567 0
1568 6
1569 16
1570 9
1571 9
1572 16
1573 11
1574 2
1575 0
1576 9
1577 9
1578 9
1579 9
1580 9
1581 13
1582 14
1583 2
1584 2
1585 11
1586 16
1587 2
1588 8
1589 14
1590 0
1591 11
1592 9
1593 7
1594 10
1595 0
1596 14
1597 2
1598 16
1599 14
1600 3
1601 14
1602 5
1603 9
1604 8
1605 16
1606 14
1607 11
1608 9
1609 9
1610 16
1611 0
1612 0
1613 0
1614 11
1615 2
1616 6
1617 9
1618 14
1619 9
1620 15
1621 8
1622 14
1623 9
1624 16
1625 9
1626 9
1627 2
1628 9
1629 14
1630 2
1631 14
1632 0
1633 10
1634 14
1635 16
1636 16
1637 13
1638 2
1639 7
1640 14
1641 0
1642 14
1643 4
1644 9
1645 0
1646 2
1647 8
1648 9
1649 2
1650 9
1651 14
1652 6
1653 0
1654 14
1655 0
1656 9
1657 5
1658 6
1659 9
1660 13
1661 9
1662 0
1663 6
1664 6
1665 6
1666 6
1667 6
1668 9
1669 6
1670 9
1671 14
1672 7
1673 2
1674 0
1675 5
1676 2
1677 2
1678 0
1679 13
1680 14
1681 15
1682 9
1683 16
1684 2
1685 2
1686 14
1687 9
1688 1
1689 6
1690 9
1691 13
1692 14
1693 16
1694 11
1695 9
1696 9
1697 13
1698 9
1699 7
1700 0
1701 6
1702 15
1703 9
1704 13
1705 2
1706 0
1707 2
1708 0
1709 2
1710 1
1711 6
1712 9
1713 0
1714 2
1715 1
1716 2
1717 11
1718 2
1719 14
1720 0
1721 16
1722 0
1723 6
1724 9
1725 6
1726 14
1727 11
1728 9
1729 2
1730 6
1731 2
1732 17
1733 0
1734 11
1735 3
1736 0
1737 9
1738 2
1739 6
1740 8
1741 9
1742 2
1743 0
1744 6
1745 3
1746 16
1747 2
1748 9
1749 2
1750 8
1751 13
1752 9
1753 9
1754 11
1755 11
1756 13
1757 9
1758 16
1759 14
1760 0
1761 13
1762 11
1763 11
1764 9
1765 2
1766 0
1767 9
1768 6
1769 11
1770 16
1771 2
1772 14
1773 12
1774 9
1775 6
1776 7
1777 0
1778 2
1779 0
1780 2
1781 16
1782 2
1783 9
1784 2
1785 14
1786 13
1787 2
1788 9
1789 16
1790 9
1791 13
1792 16
1793 14
1794 7
1795 11
1796 0
1797 2
1798 6
1799 2
1800 0
1801 14
1802 0
1803 11
1804 2
1805 0
1806 6
1807 9
1808 6
1809 14
1810 14
1811 14
1812 9
1813 9
1814 0
1815 0
1816 11
1817 7
1818 9
1819 11
1820 2
1821 0
1822 13
1823 2
1824 9
1825 16
1826 2
1827 6
1828 2
1829 2
1830 2
1831 0
1832 8
1833 2
1834 11
1835 14
1836 15
1837 8
1838 0
1839 2
1840 15
1841 9
1842 16
1843 9
1844 13
1845 0
1846 0
1847 0
1848 2
1849 9
1850 7
1851 2
1852 2
1853 9
1854 2
1855 15
1856 9
1857 0
1858 2
1859 13
1860 2
1861 0
1862 0
1863 0
1864 0
1865 14
1866 0
1867 6
1868 9
1869 13
1870 8
1871 15
1872 13
1873 13
1874 3
1875 2
1876 7
1877 0
1878 2
1879 2
1880 13
1881 3
1882 2
1883 0
1884 16
1885 11
1886 6
1887 9
1888 13
1889 14
1890 9
1891 0
1892 16
1893 9
1894 16
1895 4
1896 2
1897 11
1898 9
1899 3
1900 9
1901 8
1902 2
1903 11
1904 14
1905 2
1906 2
1907 11
1908 9
1909 9
1910 3
1911 0
1912 11
1913 0
1914 0
1915 2
1916 11
1917 14
1918 11
1919 16
1920 0
1921 14
1922 13
1923 11
1924 0
1925 6
1926 14
1927 13
1928 5
1929 15
1930 11
1931 2
1932 14
1933 7
1934 7
1935 16
1936 9
1937 7
1938 11
1939 11
1940 2
1941 14
1942 2
1943 14
1944 4
1945 14
1946 0
1947 2
1948 2
1949 2
1950 16
1951 11
1952 9
1953 9
1954 16
1955 11
1956 2
1957 3
1958 7
1959 2
1960 16
1961 9
1962 12
1963 5
1964 8
1965 14
1966 0
1967 0
1968 0
1969 0
1970 0
1971 0
1972 2
1973 2
1974 9
1975 14
1976 0
1977 9
1978 9
1979 9
1980 14
1981 7
1982 6
1983 9
1984 8
1985 11
1986 2
1987 3
1988 6
1989 13
1990 9
1991 2
1992 9
1993 14
1994 8
1995 6
1996 2
1997 6
1998 0
1999 6
2000 2
2001 8
2002 6
2003 13
2004 9
2005 9
2006 9
2007 16
2008 6
2009 0
2010 0
2011 0
2012 2
2013 9
2014 0
2015 7
2016 2
2017 16
2018 8
2019 2
2020 16
2021 2
2022 9
2023 13
2024 0
2025 11
2026 6
2027 9
2028 6
2029 0
2030 7
2031 0
2032 9
2033 9
2034 6
2035 17
2036 16
2037 7
2038 9
2039 5
2040 13
2041 10
2042 0
2043 9
2044 0
2045 13
2046 13
2047 0
2048 9
2049 11
2050 14
2051 5
2052 11
2053 11
2054 3
2055 0
2056 16
2057 3
2058 15
2059 11
2060 14
2061 16
2062 11
2063 6
2064 2
2065 9
2066 3
2067 14
2068 11
2069 2
2070 0
2071 7
2072 6
2073 0
2074 4
2075 14
2076 2
2077 8
2078 6
2079 9
2080 2
2081 2
2082 2
2083 0
2084 8
2085 7
2086 2
2087 14
2088 9
2089 0
2090 0
2091 11
2092 9
2093 9
2094 0
2095 9
2096 2
2097 6
2098 9
2099 14
2100 0
2101 3
2102 7
2103 2
2104 9
2105 13
2106 9
2107 9
2108 9
2109 8
2110 6
2111 6
2112 1
2113 2
2114 16
2115 14
2116 9
2117 2
2118 8
2119 13
2120 16
2121 8
2122 2
2123 1
2124 2
2125 14
2126 11
2127 2
2128 11
2129 9
2130 7
2131 0
2132 9
2133 0
2134 3
2135 9
2136 3
2137 0
2138 6
2139 2
2140 9
2141 0
2142 13
2143 9
2144 9
2145 13
2146 1
2147 14
2148 9
2149 2
2150 9
2151 0
2152 9
2153 2
2154 7
2155 9
2156 13
2157 9
2158 16
2159 2
2160 3
2161 9
2162 2
2163 9
2164 2
2165 2
2166 3
2167 11
2168 9
2169 12
2170 2
2171 9
2172 11
2173 0
2174 9
2175 10
2176 8
2177 2
2178 0
2179 2
2180 14
2181 9
2182 5
2183 2
2184 2
2185 14
2186 0
2187 2
2188 14
2189 1
2190 16
2191 16
2192 2
2193 16
2194 14
2195 16
2196 9
2197 6
2198 9
2199 7
2200 9
2201 0
2202 9
2203 6
2204 6
2205 2
2206 9
2207 0
2208 2
2209 9
2210 8
2211 5
2212 3
2213 0
2214 2
2215 14
2216 6
2217 13
2218 13
2219 0
2220 14
2221 0
2222 14
2223 9
2224 9
2225 0
2226 14
2227 9
2228 9
2229 2
2230 13
2231 0
2232 11
2233 14
2234 13
2235 16
2236 9
2237 14
2238 0
2239 0
2240 6
2241 2
2242 0
2243 16
2244 11
2245 11
2246 13
2247 9
2248 16
2249 6
2250 6
2251 4
2252 14
2253 6
2254 0
2255 2
2256 14
2257 0
2258 8
2259 14
2260 2
2261 9
2262 0
2263 6
2264 0
2265 7
2266 7
2267 7
2268 9
2269 0
2270 2
2271 9
2272 14
2273 0
2274 11
2275 9
2276 9
2277 13
2278 16
2279 11
2280 0
2281 2
2282 9
2283 11
2284 0
2285 9
2286 6
2287 14
2288 9
2289 13
2290 0
2291 11
2292 17
2293 9
2294 5
2295 2
2296 11
2297 9
2298 11
2299 16
2300 2
2301 13
2302 2
2303 2
2304 16
2305 14
2306 0
2307 2
2308 7
2309 2
2310 9
2311 6
2312 0
2313 14
2314 9
2315 2
2316 0
2317 6
2318 14
2319 16
2320 0
2321 14
2322 6
2323 14
2324 9
2325 6
2326 0
2327 9
2328 5
2329 6
2330 7
2331 2
2332 14
2333 9
2334 2
2335 9
2336 0
2337 9
2338 0
2339 9
2340 2
2341 14
2342 14
2343 13
2344 0
2345 11
2346 16
2347 16
2348 9
2349 14
2350 6
2351 2
2352 9
2353 13
2354 2
2355 13
2356 2
2357 2
2358 8
2359 2
2360 4
2361 0
2362 9
2363 14
2364 9
2365 0
2366 14
2367 0
2368 2
2369 11
2370 2
2371 2
2372 6
2373 0
2374 0
2375 11
2376 8
2377 2
2378 6
2379 9
2380 11
2381 9
2382 9
2383 0
2384 9
2385 16
2386 8
2387 11
2388 7
2389 15
2390 0
2391 9
2392 13
2393 11
2394 9
2395 9
2396 2
2397 9
2398 6
2399 2
2400 9
2401 2
2402 2
2403 0
2404 2
2405 9
2406 16
2407 17
2408 14
2409 16
2410 2
2411 2
2412 0
2413 9
2414 16
2415 11
2416 0
2417 0
2418 0
2419 6
2420 2
2421 0
2422 2
2423 8
2424 16
2425 9
2426 9
2427 14
2428 9
2429 0
2430 13
2431 6
2432 2
2433 10
2434 0
2435 0
2436 9
2437 0
2438 2
2439 9
2440 2
2441 14
2442 16
2443 9
2444 2
2445 0
2446 9
2447 9
2448 0
2449 2
2450 11
2451 2
2452 0
2453 15
2454 7
2455 2
2456 14
2457 9
2458 13
2459 17
2460 8
2461 14
2462 9
2463 9
2464 9
2465 17
2466 0
2467 9
2468 9
2469 0
2470 1
2471 9
2472 13
2473 9
2474 14
2475 9
2476 0
2477 8
2478 6
2479 9
2480 0
2481 7
2482 9
2483 3
2484 14
2485 0
2486 0
2487 2
2488 0
2489 14
2490 0
2491 8
2492 7
2493 0
2494 0
2495 2
2496 0
2497 8
2498 9
2499 7
2500 15
2501 17
2502 11
2503 0
2504 17
2505 2
2506 16
2507 14
2508 6
2509 6
2510 6
2511 13
2512 6
2513 14
2514 8
2515 9
2516 2
2517 6
2518 2
2519 2
2520 2
2521 9
2522 0
2523 9
2524 2
2525 2
2526 9
2527 6
2528 2
2529 6
2530 2
2531 0
2532 9
2533 2
2534 2
2535 9
2536 6
2537 0
2538 7
2539 9
2540 14
2541 9
2542 14
2543 0
2544 2
2545 16
2546 15
2547 9
2548 6
2549 16
2550 16
2551 2
2552 2
2553 11
2554 9
2555 2
2556 0
2557 9
2558 12
2559 16
2560 14
2561 7
2562 9
2563 9
2564 2
2565 0
2566 2
2567 3
2568 8
2569 9
2570 6
2571 0
2572 13
2573 4
2574 9
2575 7
2576 16
2577 7
2578 8
2579 9
2580 2
2581 11
2582 6
2583 9
2584 2
2585 9
2586 3
2587 2
2588 2
2589 9
2590 16
2591 14
2592 9
2593 13
2594 0
2595 8
2596 14
2597 0
2598 13
2599 1
2600 2
2601 2
2602 11
2603 0
2604 7
2605 13
2606 16
2607 0
2608 6
2609 9
2610 13
2611 9
2612 14
2613 11
2614 7
2615 14
2616 6
2617 15
2618 9
2619 9
2620 9
2621 11
2622 14
2623 6
2624 9
2625 2
2626 2
2627 2
2628 7
2629 9
2630 2
2631 9
2632 9
2633 3
2634 9
2635 6
2636 2
2637 2
2638 0
2639 9
2640 9
2641 9
2642 7
2643 11
2644 0
2645 15
2646 11
2647 0
2648 0
2649 11
2650 8
2651 7
2652 3
2653 6
2654 14
2655 16
2656 14
2657 0
2658 14
2659 13
2660 11
2661 12
2662 16
2663 3
2664 14
2665 13
2666 14
2667 1
2668 7
2669 2
2670 0
2671 8
2672 6
2673 0
2674 10
2675 15
2676 2
2677 14
2678 11
2679 9
2680 9
2681 9
2682 11
2683 11
2684 9
2685 0
2686 2
2687 9
2688 9
2689 6
2690 6
2691 11
2692 2
2693 2
2694 6
2695 11
2696 7
2697 14
2698 2
2699 9
2700 2
2701 2
2702 9
2703 11
2704 9
2705 9
2706 9
2707 14
2708 14
2709 11
2710 9
2711 10
2712 14
2713 9
2714 0
2715 6
2716 11
2717 9
2718 2
2719 2
2720 14
2721 16
2722 15
2723 0
2724 0
2725 0
2726 14
2727 2
2728 2
2729 9
2730 10
2731 8
2732 7
2733 2
2734 0
2735 15
2736 6
2737 2
2738 16
2739 2
2740 10
2741 10
2742 14
2743 6
2744 9
2745 2
2746 0
2747 11
2748 6
2749 8
2750 0
2751 2
2752 2
2753 11
2754 6
2755 9
2756 9
2757 2
2758 3
2759 6
2760 0
2761 6
2762 0
2763 0
2764 9
2765 11
2766 14
2767 0
2768 13
2769 2
2770 13
2771 13
2772 2
2773 9
2774 9
2775 9
2776 9
2777 11
2778 11
2779 15
2780 2
2781 2
2782 2
2783 13
2784 14
2785 11
2786 9
2787 6
2788 9
2789 7
2790 7
2791 0
2792 9
2793 8
2794 13
2795 16
2796 14
2797 2
2798 0
2799 9
2800 11
2801 14
2802 14
2803 1
2804 2
2805 0
2806 13
2807 6
2808 9
2809 15
2810 9
2811 2
2812 14
2813 2
2814 14
2815 16
2816 1
2817 2
2818 6
2819 9
2820 14
2821 8
2822 17
2823 9
2824 9
2825 0
2826 7
2827 11
2828 14
2829 9
2830 9
2831 16
2832 16
2833 11
2834 2
2835 7
2836 16
2837 0
2838 10
2839 4
2840 9
2841 14
2842 2
2843 2
2844 9
2845 16
2846 0
2847 0
2848 0
2849 0
2850 10
2851 11
2852 2
2853 13
2854 0
2855 2
2856 16
2857 16
2858 0
2859 9
2860 3
2861 8
2862 14
2863 16
2864 2
2865 0
2866 9
2867 9
2868 2
2869 9
2870 0
2871 0
2872 9
2873 6
2874 9
2875 0
2876 0
2877 16
2878 0
2879 2
2880 11
2881 11
2882 13
2883 2
2884 7
2885 7
2886 8
2887 6
2888 13
2889 2
2890 0
2891 2
2892 6
2893 14
2894 14
2895 14
2896 16
2897 9
2898 6
2899 15
2900 9
2901 6
2902 9
2903 16
2904 8
2905 6
2906 16
2907 2
2908 9
2909 14
2910 9
2911 2
2912 14
2913 14
2914 9
2915 16
2916 4
2917 2
2918 2
2919 6
2920 9
2921 15
2922 9
2923 14
2924 2
2925 9
2926 9
2927 2
2928 0
2929 0
2930 11
2931 2
2932 16
2933 7
2934 7
2935 6
2936 16
2937 2
2938 16
2939 11
2940 14
2941 14
2942 0
2943 13
2944 3
2945 2
2946 0
2947 13
2948 9
2949 0
2950 2
2951 9
2952 2
2953 7
2954 9
2955 14
2956 6
2957 6
2958 0
2959 16
2960 2
2961 2
2962 2
2963 0
2964 17
2965 13
2966 9
2967 9
2968 13
2969 9
2970 2
2971 11
2972 16
2973 2
2974 2
2975 11
2976 7
2977 0
2978 9
2979 2
2980 0
2981 6
2982 7
2983 11
2984 6
2985 16
2986 9
2987 2
2988 8
2989 5
2990 6
2991 16
2992 6
2993 14
2994 9
2995 9
2996 2
2997 9
2998 3
2999 13
3000 16
3001 2
3002 2
3003 6
3004 9
3005 3
3006 16
3007 17
3008 9
3009 14
3010 0
3011 13
3012 8
3013 6
3014 0
3015 6
3016 2
3017 0
3018 11
3019 9
3020 9
3021 9
3022 0
3023 2
3024 2
3025 12
3026 5
3027 6
3028 9
3029 9
3030 14
3031 16
3032 0
3033 14
3034 2
3035 8
3036 16
3037 9
3038 6
3039 9
3040 16
3041 14
3042 6
3043 0
3044 14
3045 3
3046 6
3047 0
3048 13
3049 9
3050 14
3051 3
3052 9
3053 7
3054 2
3055 9
3056 7
3057 6
3058 9
3059 9
3060 9
3061 7
3062 9
3063 0
3064 8
3065 9
3066 9
3067 5
3068 9
3069 7
3070 0
3071 9
3072 10
3073 9
3074 14
3075 16
3076 2
3077 11
3078 6
3079 11
3080 2
3081 0
3082 11
3083 16
3084 13
3085 0
3086 9
3087 4
3088 2
3089 16
3090 0
3091 2
3092 11
3093 16
3094 14
3095 9
3096 13
3097 14
3098 12
3099 0
3100 11
3101 15
3102 6
3103 2
3104 0
3105 14
3106 2
3107 14
3108 0
3109 11
3110 2
3111 9
3112 2
3113 13
3114 8
3115 2
3116 9
3117 11
3118 7
3119 9
3120 3
3121 6
3122 9
3123 9
3124 13
3125 0
3126 16
3127 5
3128 16
3129 16
3130 14
3131 6
3132 2
3133 0
3134 16
3135 9
3136 16
3137 2
3138 16
3139 2
3140 16
3141 9
3142 2
3143 13
3144 9
3145 0
3146 13
3147 6
3148 2
3149 9
3150 2
3151 14
3152 13
3153 14
3154 0
3155 16
3156 0
3157 6
3158 16
3159 14
3160 2
3161 0
3162 6
3163 9
3164 16
3165 0
3166 2
3167 9
3168 9
3169 9
3170 6
3171 0
3172 0
3173 8
3174 2
3175 8
3176 9
3177 14
3178 9
3179 17
3180 9
3181 11
3182 11
3183 0
3184 9
3185 0
3186 16
3187 14
3188 9
3189 9
3190 14
3191 3
3192 6
3193 15
3194 6
3195 14
3196 10
3197 9
3198 0
3199 9
3200 9
3201 0
3202 14
3203 9
3204 16
3205 0
3206 0
3207 16
3208 0
3209 7
3210 16
3211 0
3212 14
3213 7
3214 2
3215 2
3216 9
3217 6
3218 0
3219 0
3220 9
3221 2
3222 9
3223 2
3224 6
3225 9
3226 2
3227 9
3228 6
3229 16
3230 3
3231 16
3232 15
3233 2
3234 16
3235 9
3236 8
3237 11
3238 2
3239 14
3240 0
3241 9
3242 0
3243 9
3244 0
3245 9
3246 2
3247 16
3248 11
3249 15
3250 13
3251 0
3252 14
3253 0
3254 0
3255 6
3256 0
3257 6
3258 2
3259 2
3260 8
3261 13
3262 0
3263 9
3264 0
3265 9
3266 16
3267 14
3268 2
3269 6
3270 2
3271 9
3272 14
3273 9
3274 6
3275 6
3276 11
3277 9
3278 6
3279 2
3280 9
3281 14
3282 3
3283 0
3284 9
3285 9
3286 0
3287 12
3288 9
3289 0
3290 9
3291 1
3292 9
3293 2
3294 0
3295 9
3296 16
3297 14
3298 13
3299 9
3300 2
3301 2
3302 2
3303 2
3304 13
3305 17
3306 15
3307 0
3308 7
3309 8
3310 2
3311 11
3312 16
3313 8
3314 6
3315 15
3316 7
3317 0
3318 2
3319 9
3320 2
3321 6
3322 11
3323 10
3324 2
3325 11
3326 11
3327 0
3328 11
3329 9
3330 0
3331 9
3332 9
3333 0
3334 0
3335 14
3336 7
3337 0
3338 0
3339 2
3340 14
3341 6
3342 9
3343 2
3344 11
3345 5
3346 1
3347 3
3348 9
3349 2
3350 2
3351 2
3352 6
3353 14
3354 3
3355 14
3356 2
3357 9
3358 5
3359 2
3360 6
3361 6
3362 3
3363 9
3364 1
3365 9
3366 14
3367 0
3368 16
3369 9
3370 14
3371 16
3372 0
3373 11
3374 11
3375 8
3376 9
3377 7
3378 2
3379 8
3380 9
3381 9
3382 11
3383 6
3384 2
3385 16
3386 4
3387 0
3388 14
3389 2
3390 7
3391 6
3392 0
3393 9
3394 6
3395 0
3396 9
3397 0
3398 9
3399 7
3400 6
3401 13
3402 0
3403 11
3404 16
3405 0
3406 13
3407 9
3408 0
3409 0
3410 2
3411 9
3412 5
3413 2
3414 2
3415 6
3416 0
3417 6
3418 9
3419 9
3420 6
3421 2
3422 2
3423 2
3424 16
3425 9
3426 9
3427 2
3428 9
3429 9
3430 16
3431 6
3432 13
3433 11
3434 11
3435 2
3436 9
3437 16
3438 9
3439 8
3440 16
3441 2
3442 9
3443 9
3444 15
3445 9
3446 13
3447 6
3448 7
3449 14
3450 9
3451 14
3452 2
3453 9
3454 2
3455 2
3456 13
3457 9
3458 14
3459 2
3460 16
3461 0
3462 6
3463 6
3464 0
3465 0
3466 11
3467 6
3468 6
3469 3
3470 2
3471 0
3472 14
3473 2
3474 13
3475 17
3476 11
3477 0
3478 14
3479 11
3480 0
3481 16
3482 6
3483 14
3484 9
3485 2
3486 13
3487 2
3488 13
3489 9
3490 7
3491 14
3492 2
3493 14
3494 0
3495 14
3496 13
3497 2
3498 0
3499 0
3500 3
3501 9
3502 7
3503 6
3504 0
3505 9
3506 9
3507 16
3508 7
3509 14
3510 0
3511 14
3512 3
3513 9
3514 14
3515 14
3516 1
3517 9
3518 0
3519 9
3520 14
3521 3
3522 2
3523 9
3524 9
3525 0
3526 2
3527 14
3528 9
3529 0
3530 9
3531 11
3532 11
3533 9
3534 1
3535 2
3536 13
3537 0
3538 9
3539 2
3540 14
3541 9
3542 11
3543 11
3544 0
3545 2
3546 14
3547 0
3548 11
3549 11
3550 2
3551 9
3552 14
3553 2
3554 2
3555 6
3556 14
3557 7
3558 2
3559 7
3560 0
3561 2
3562 7
3563 9
3564 3
3565 2
3566 0
3567 2
3568 0
3569 11
3570 11
3571 2
3572 9
3573 9
3574 8
3575 11
3576 9
3577 14
3578 9
3579 6
3580 0
3581 9
3582 11
3583 17
3584 10
3585 8
3586 0
3587 14
3588 2
3589 9
3590 2
3591 7
3592 0
3593 8
3594 0
3595 2
3596 9
3597 0
3598 10
3599 3
3600 9
3601 2
3602 16
3603 6
3604 10
3605 14
3606 16
3607 14
3608 6
3609 14
3610 9
3611 0
3612 14
3613 0
3614 0
3615 11
3616 2
3617 14
3618 9
3619 13
3620 2
3621 0
3622 14
3623 1
3624 9
3625 9
3626 6
3627 13
3628 14
3629 3
3630 9
3631 9
3632 16
3633 14
3634 16
3635 9
3636 2
3637 13
3638 9
3639 9
3640 16
3641 9
3642 9
3643 2
3644 0
3645 6
3646 9
3647 2
3648 0
3649 9
3650 9
3651 8
3652 8
3653 6
3654 1
3655 16
3656 6
3657 0
3658 9
3659 0
3660 0
3661 2
3662 17
3663 2
3664 7
3665 9
3666 9
3667 9
3668 6
3669 0
3670 9
3671 2
3672 2
3673 2
3674 3
3675 2
3676 14
3677 8
3678 2
3679 14
3680 2
3681 0
3682 2
3683 16
3684 17
3685 14
3686 9
3687 9
3688 2
3689 2
3690 2
3691 13
3692 11
3693 9
3694 7
3695 14
3696 9
3697 16
3698 9
3699 2
3700 9
3701 0
3702 0
3703 4
3704 0
3705 6
3706 6
3707 10
3708 0
3709 0
3710 2
3711 16
3712 2
3713 11
3714 2
3715 14
3716 6
3717 8
3718 9
3719 2
3720 9
3721 13
3722 2
3723 2
3724 17
3725 6
3726 2
3727 9
3728 9
3729 7
3730 17
3731 11
3732 0
3733 14
3734 17
3735 2
3736 6
3737 9
3738 3
3739 9
3740 2
3741 2
3742 16
3743 0
3744 6
3745 2
3746 2
3747 6
3748 8
3749 11
3750 9
3751 9
3752 14
3753 0
3754 10
3755 9
3756 0
3757 16
3758 9
3759 11
3760 14
3761 2
3762 9
3763 7
3764 9
3765 11
3766 7
3767 6
3768 6
3769 6
3770 2
3771 9
3772 15
3773 14
3774 2
3775 8
3776 14
3777 14
3778 8
3779 14
3780 2
3781 13
3782 1
3783 0
3784 2
3785 6
3786 16
3787 2
3788 0
3789 8
3790 9
3791 13
3792 2
3793 11
3794 2
3795 2
3796 9
3797 9
3798 15
3799 8
3800 9
3801 9
3802 11
3803 9
3804 2
3805 2
3806 2
3807 9
3808 0
3809 16
3810 5
3811 2
3812 0
3813 2
3814 0
3815 2
3816 13
3817 2
3818 9
3819 8
3820 9
3821 6
3822 16
3823 2
3824 6
3825 9
3826 6
3827 9
3828 16
3829 9
3830 9
3831 3
3832 9
3833 16
3834 11
3835 2
3836 6
3837 13
3838 16
3839 9
3840 9
3841 2
3842 2
3843 11
3844 11
3845 16
3846 9
3847 16
3848 0
3849 2
3850 2
3851 11
3852 2
3853 6
3854 9
3855 16
3856 16
3857 3
3858 2
3859 2
3860 9
3861 11
3862 14
3863 2
3864 7
3865 3
3866 1
3867 9
3868 0
3869 14
3870 14
3871 0
3872 0
3873 9
3874 17
3875 13
3876 9
3877 17
3878 0
3879 9
3880 14
3881 2
3882 0
3883 9
3884 6
3885 7
3886 6
3887 9
3888 9
3889 6
3890 6
3891 11
3892 14
3893 5
3894 9
3895 9
3896 0
3897 10
3898 2
3899 0
3900 9
3901 2
3902 2
3903 9
3904 14
3905 2
3906 11
3907 2
3908 6
3909 13
3910 9
3911 2
3912 14
3913 13
3914 0
3915 2
3916 6
3917 11
3918 9
3919 0
3920 3
3921 9
3922 6
3923 0
3924 9
3925 5
3926 3
3927 3
3928 13
3929 4
3930 9
3931 9
3932 2
3933 0
3934 16
3935 6
3936 11
3937 6
3938 6
3939 8
3940 6
3941 11
3942 0
3943 14
3944 15
3945 6
3946 6
3947 11
3948 0
3949 17
3950 7
3951 13
3952 6
3953 2
3954 7
3955 9
3956 13
3957 9
3958 8
3959 14
3960 9
3961 0
3962 2
3963 5
3964 7
3965 8
3966 9
3967 2
3968 0
3969 11
3970 2
3971 7
3972 14
3973 13
3974 14
3975 0
3976 4
3977 6
3978 2
3979 8
3980 2
3981 14
3982 9
3983 8
3984 6
3985 9
3986 14
3987 9
3988 10
3989 0
3990 6
3991 9
3992 16
3993 9
3994 11
3995 2
3996 0
3997 6
3998 16
3999 9
4000 6
4001 15
4002 11
4003 0
4004 9
4005 6
4006 6
4007 9
4008 2
4009 13
4010 11
4011 9
4012 2
4013 0
4014 2
4015 11
4016 0
4017 0
4018 0
4019 5
4020 16
4021 0
4022 2
4023 2
4024 9
4025 10
4026 8
4027 0
4028 11
4029 14
4030 0
4031 15
4032 2
4033 9
4034 6
4035 6
4036 9
4037 2
4038 6
4039 0
4040 2
4041 9
4042 9
4043 14
4044 0
4045 0
4046 2
4047 9
4048 9
4049 9
4050 2
4051 9
4052 6
4053 14
4054 16
4055 0
4056 0
4057 9
4058 0
4059 9
4060 11
4061 14
4062 0
4063 6
4064 0
4065 3
4066 2
4067 2
4068 14
4069 0
4070 11
4071 2
4072 6
4073 0
4074 9
4075 9
4076 9
4077 9
4078 2
4079 0
4080 9
4081 9
4082 17
4083 0
4084 15
4085 9
4086 0
4087 16
4088 16
4089 9
4090 5
4091 2
4092 0
4093 9
4094 0
4095 9
4096 9
4097 2
4098 6
4099 9
4100 9
4101 9
4102 14
4103 0
4104 10
4105 11
4106 9
4107 9
4108 0
4109 2
4110 15
4111 13
4112 6
4113 0
4114 0
4115 0
4116 2
4117 14
4118 0
4119 6
4120 0
4121 9
4122 6
4123 9
4124 2
4125 9
4126 16
4127 2
4128 9
4129 9
4130 9
4131 2
4132 0
4133 2
4134 7
4135 14
4136 9
4137 9
4138 8
4139 13
4140 9
4141 2
4142 13
4143 9
4144 0
4145 8
4146 16
4147 2
4148 9
4149 11
4150 9
4151 6
4152 9
4153 11
4154 11
4155 4
4156 2
4157 9
4158 9
4159 11
4160 11
4161 9
4162 2
4163 9
4164 10
4165 9
4166 13
4167 1
4168 11
4169 0
4170 4
4171 0
4172 0
4173 11
4174 2
4175 3
4176 13
4177 11
4178 11
4179 0
4180 7
4181 9
4182 2
4183 14
4184 2
4185 3
4186 0
4187 16
4188 6
4189 13
4190 2
4191 0
4192 0
4193 16
4194 13
4195 7
4196 16
4197 7
4198 0
4199 15
4200 14
4201 2
4202 0
4203 6
4204 14
4205 11
4206 9
4207 2
4208 16
4209 5
4210 2
4211 9
4212 9
4213 2
4214 13
4215 9
4216 9
4217 9
4218 7
4219 0
4220 11
4221 9
4222 9
4223 2
4224 2
4225 9
4226 17
4227 9
4228 2
4229 11
4230 7
4231 0
4232 6
4233 0
4234 9
4235 13
4236 13
4237 6
4238 14
4239 2
4240 0
4241 9
4242 0
4243 16
4244 0
4245 6
4246 13
4247 6
4248 2
4249 11
4250 11
4251 15
4252 4
4253 2
4254 9
4255 11
4256 13
4257 9
4258 8
4259 2
4260 11
4261 9
4262 9
4263 2
4264 11
4265 2
4266 9
4267 0
4268 13
4269 16
4270 9
4271 0
4272 2
4273 9
4274 2
4275 9
4276 9
4277 0
4278 3
4279 9
4280 2
4281 0
4282 2
4283 13
4284 2
4285 2
4286 9
4287 13
4288 7
4289 9
4290 0
4291 2
4292 2
4293 7
4294 9
4295 9
4296 14
4297 11
4298 9
4299 6
4300 9
4301 8
4302 9
4303 0
4304 13
4305 15
4306 0
4307 9
4308 2
4309 6
4310 6
4311 14
4312 0
4313 2
4314 8
4315 7
4316 9
4317 0
4318 5
4319 9
4320 9
4321 13
4322 2
4323 8
4324 13
4325 0
4326 13
4327 2
4328 2
4329 2
4330 16
4331 13
4332 8
4333 13
4334 9
4335 0
4336 11
4337 6
4338 13
4339 4
4340 6
4341 16
4342 16
4343 6
4344 9
4345 9
4346 9
4347 9
4348 11
4349 2
4350 6
4351 0
4352 0
4353 0
4354 10
4355 2
4356 16
4357 15
4358 10
4359 16
4360 0
4361 6
4362 9
4363 9
4364 8
4365 0
4366 6
4367 2
4368 11
4369 11
4370 5
4371 2
4372 2
4373 0
4374 13
4375 9
4376 2
4377 0
4378 6
4379 11
4380 11
4381 3
4382 14
4383 11
4384 11
4385 9
4386 6
4387 9
4388 14
4389 7
4390 6
4391 7
4392 13
4393 6
4394 2
4395 0
4396 7
4397 11
4398 9
4399 2
4400 14
4401 8
4402 0
4403 6
4404 0
4405 17
4406 0
4407 0
4408 2
4409 0
4410 4
4411 13
4412 0
4413 0
4414 2
4415 8
4416 0
4417 6
4418 0
4419 9
4420 0
4421 11
4422 9
4423 2
4424 9
4425 9
4426 9
4427 4
4428 11
4429 14
4430 2
4431 3
4432 2
4433 9
4434 7
4435 7
4436 9
4437 11
4438 16
4439 7
4440 6
4441 2
4442 0
4443 2
4444 0
4445 9
4446 11
4447 5
4448 14
4449 6
4450 9
4451 16
4452 9
4453 14
4454 0
4455 15
4456 6
4457 11
4458 16
4459 0
4460 2
4461 0
4462 6
4463 11
4464 6
4465 2
4466 9
4467 0
4468 0
4469 0
4470 8
4471 9
4472 2
4473 14
4474 13
4475 9
4476 1
4477 2
4478 16
4479 0
4480 2
4481 11
4482 11
4483 0
4484 9
4485 2
4486 2
4487 0
4488 4
4489 2
4490 9
4491 2
4492 2
4493 9
4494 0
4495 10
4496 6
4497 2
4498 9
4499 14
4500 0
4501 14
4502 9
4503 2
4504 9
4505 11
4506 14
4507 0
4508 9
4509 2
4510 14
4511 16
4512 11
4513 4
4514 2
4515 9
4516 9
4517 2
4518 11
4519 6
4520 0
4521 2
4522 8
4523 6
4524 11
4525 6
4526 2
4527 14
4528 0
4529 9
4530 16
4531 14
4532 14
4533 9
4534 2
4535 9
4536 9
4537 7
4538 0
4539 7
4540 0
4541 0
4542 14
4543 13
4544 3
4545 6
4546 11
4547 2
4548 2
4549 6
4550 6
4551 14
4552 2
4553 16
4554 6
4555 9
4556 0
4557 0
4558 11
4559 11
4560 9
4561 6
4562 9
4563 0
4564 11
4565 6
4566 16
4567 14
4568 16
4569 14
4570 2
4571 2
4572 2
4573 0
4574 0
4575 6
4576 0
4577 16
4578 0
4579 2
4580 2
4581 11
4582 0
4583 16
4584 0
4585 9
4586 2
4587 14
4588 2
4589 2
4590 14
4591 2
4592 13
4593 14
4594 2
4595 2
4596 7
4597 2
4598 0
4599 2
4600 9
4601 2
4602 8
4603 13
4604 9
4605 6
4606 7
4607 14
4608 6
4609 2
4610 14
4611 14
4612 3
4613 9
4614 6
4615 14
4616 2
4617 2
4618 0
4619 13
4620 0
4621 13
4622 6
4623 13
4624 2
4625 17
4626 10
4627 11
4628 10
4629 0
4630 2
4631 2
4632 14
4633 11
4634 8
4635 2
4636 16
4637 9
4638 0
4639 7
4640 7
4641 9
4642 2
4643 2
4644 2
4645 5
4646 3
4647 11
4648 0
4649 2
4650 9
4651 9
4652 8
4653 16
4654 2
4655 9
4656 9
4657 16
4658 2
4659 8
4660 0
4661 9
4662 2
4663 14
4664 6
4665 0
4666 7
4667 10
4668 2
4669 0
4670 17
4671 13
4672 9
4673 9
4674 14
4675 8
4676 16
4677 14
4678 9
4679 14
4680 2
4681 0
4682 14
4683 16
4684 9
4685 9
4686 0
4687 2
4688 4
4689 9
4690 0
4691 2
4692 9
4693 9
4694 0
4695 2
4696 11
4697 2
4698 2
4699 11
4700 2
4701 16
4702 14
4703 9
4704 16
4705 11
4706 2
4707 9
4708 14
4709 9
4710 17
4711 16
4712 0
4713 14
4714 17
4715 0
4716 7
4717 3
4718 14
4719 4
4720 16
4721 0
4722 9
4723 3
4724 9
4725 9
4726 9
4727 2
4728 7
4729 8
4730 8
4731 9
4732 0
4733 11
4734 13
4735 9
4736 2
4737 11
4738 6
4739 14
4740 9
4741 9
4742 9
4743 2
4744 11
4745 9
4746 13
4747 6
4748 0
4749 7
4750 2
4751 9
4752 9
4753 9
4754 0
4755 16
4756 15
4757 0
4758 6
4759 0
4760 0
4761 0
4762 9
4763 6
4764 16
4765 9
4766 11
4767 9
4768 2
4769 14
4770 7
4771 9
4772 0
4773 8
4774 6
4775 9
4776 14
4777 0
4778 2
4779 13
4780 2
4781 9
4782 9
4783 14
4784 7
4785 14
4786 2
4787 14
4788 14
4789 14
4790 17
4791 2
4792 0
4793 2
4794 2
4795 14
4796 13
4797 0
4798 2
4799 9
4800 2
4801 9
4802 2
4803 2
4804 6
4805 11
4806 2
4807 11
4808 14
4809 0
4810 2
4811 9
4812 0
4813 0
4814 2
4815 14
4816 8
4817 2
4818 9
4819 2
4820 0
4821 9
4822 0
4823 13
4824 9
4825 2
4826 2
4827 16
4828 9
4829 5
4830 9
4831 4
4832 9
4833 16
4834 2
4835 2
4836 9
4837 0
4838 8
4839 9
4840 2
4841 0
4842 16
4843 0
4844 6
4845 16
4846 2
4847 8
4848 11
4849 14
4850 7
4851 0
4852 14
4853 7
4854 0
4855 11
4856 0
4857 8
4858 8
4859 2
4860 7
4861 2
4862 14
4863 13
4864 9
4865 16
4866 6
4867 9
4868 9
4869 7
4870 9
4871 13
4872 11
4873 9
4874 9
4875 7
4876 9
4877 11
4878 17
4879 11
4880 9
4881 6
4882 2
4883 0
4884 14
4885 9
4886 11
4887 16
4888 10
4889 9
4890 13
4891 0
4892 9
4893 7
4894 0
4895 9
4896 8
4897 16
4898 16
4899 7
4900 0
4901 0
4902 13
4903 2
4904 7
4905 8
4906 13
4907 2
4908 0
4909 2
4910 0
4911 4
4912 9
4913 0
4914 8
4915 6
4916 11
4917 0
4918 0
4919 0
4920 9
4921 9
4922 8
4923 9
4924 3
4925 14
4926 6
4927 2
4928 6
4929 9
4930 9
4931 7
4932 9
4933 11
4934 16
4935 0
4936 2
4937 11
4938 9
4939 9
4940 13
4941 8
4942 2
4943 14
4944 17
4945 8
4946 9
4947 2
4948 9
4949 9
4950 9
4951 2
4952 2
4953 6
4954 2
4955 6
4956 0
4957 9
4958 2
4959 1
4960 9
4961 6
4962 9
4963 8
4964 7
4965 14
4966 9
4967 0
4968 2
4969 2
4970 14
4971 14
4972 15
4973 2
4974 9
4975 14
4976 0
4977 0
4978 2
4979 0
4980 0
4981 2
4982 9
4983 13
4984 3
4985 2
4986 14
4987 6
4988 11
4989 9
4990 6
4991 9
4992 1
4993 15
4994 2
4995 13
4996 11
4997 14
4998 2
4999 14
5000 11
5001 16
5002 2
5003 6
5004 11
5005 13
5006 2
5007 9
5008 8
5009 0
5010 16
5011 14
5012 8
5013 6
5014 9
5015 6
5016 9
5017 13
5018 13
5019 0
5020 13
5021 9
5022 11
5023 7
5024 0
5025 2
5026 9
5027 15
5028 9
5029 16
5030 14
5031 13
5032 11
5033 0
5034 9
5035 11
5036 16
5037 2
5038 0
5039 9
5040 0
5041 14
5042 11
5043 9
5044 14
5045 9
5046 9
5047 7
5048 14
5049 14
5050 11
5051 11
5052 6
5053 16
5054 14
5055 12
5056 6
5057 13
5058 11
5059 2
5060 13
5061 9
5062 0
5063 0
5064 2
5065 16
5066 14
5067 14
5068 15
5069 11
5070 14
5071 0
5072 2
5073 8
5074 16
5075 13
5076 9
5077 0
5078 9
5079 0
5080 2
5081 16
5082 0
5083 11
5084 9
5085 9
5086 3
5087 16
5088 0
5089 5
5090 0
5091 14
5092 9
5093 14
5094 9
5095 2
5096 0
5097 0
5098 9
5099 14
5100 14
5101 0
5102 16
5103 11
5104 14
5105 9
5106 5
5107 14
5108 2
5109 2
5110 2
5111 0
5112 2
5113 14
5114 0
5115 10
5116 2
5117 2
5118 16
5119 6
5120 0
5121 0
5122 12
5123 13
5124 0
5125 6
5126 8
5127 9
5128 9
5129 11
5130 10
5131 11
5132 3
5133 0
5134 9
5135 2
5136 6
5137 14
5138 11
5139 9
5140 15
5141 14
5142 13
5143 16
5144 9
5145 13
5146 0
5147 0
5148 2
5149 4
5150 1
5151 0
5152 5
5153 11
5154 14
5155 2
5156 16
5157 11
5158 9
5159 14
5160 14
5161 0
5162 2
5163 2
5164 11
5165 10
5166 6
5167 9
5168 6
5169 6
5170 6
5171 6
5172 16
5173 14
5174 7
5175 9
5176 0
5177 2
5178 3
5179 11
5180 11
5181 11
5182 16
5183 2
5184 11
5185 1
5186 2
5187 0
5188 3
5189 6
5190 9
5191 11
5192 2
5193 11
5194 9
5195 2
5196 6
5197 2
5198 8
5199 13
5200 14
5201 9
5202 9
5203 13
5204 8
5205 9
5206 16
5207 2
5208 11
5209 0
5210 6
5211 9
5212 6
5213 14
5214 14
5215 16
5216 9
5217 9
5218 6
5219 11
5220 6
5221 0
5222 0
5223 4
5224 16
5225 9
5226 9
5227 9
5228 2
5229 2
5230 9
5231 2
5232 15
5233 2
5234 14
5235 16
5236 16
5237 2
5238 14
5239 13
5240 0
5241 13
5242 2
5243 16
5244 9
5245 9
5246 8
5247 16
5248 9
5249 8
5250 2
5251 11
5252 0
5253 2
5254 8
5255 9
5256 2
5257 0
5258 6
5259 9
5260 1
5261 9
5262 2
5263 1
5264 8
5265 11
5266 8
5267 2
5268 11
5269 0
5270 9
5271 0
5272 9
5273 9
5274 9
5275 9
5276 4
5277 16
5278 9
5279 0
5280 9
5281 13
5282 0
5283 13
5284 2
5285 13
5286 9
5287 8
5288 8
5289 16
5290 9
5291 14
5292 2
5293 13
5294 9
5295 9
5296 14
5297 14
5298 11
5299 17
5300 14
5301 9
5302 11
5303 11
5304 11
5305 6
5306 6
5307 6
5308 2
5309 9
5310 14
5311 8
5312 0
5313 14
5314 16
5315 9
5316 2
5317 0
5318 10
5319 6
5320 0
5321 9
5322 9
5323 9
5324 16
5325 0
5326 6
5327 0
5328 6
5329 2
5330 16
5331 14
5332 0
5333 11
5334 6
5335 14
5336 6
5337 14
5338 9
5339 9
5340 9
5341 13
5342 6
5343 14
5344 2
5345 11
5346 2
5347 3
5348 9
5349 11
5350 9
5351 2
5352 9
5353 9
5354 2
5355 7
5356 16
5357 14
5358 8
5359 2
5360 2
5361 11
5362 0
5363 0
5364 2
5365 9
5366 12
5367 0
5368 11
5369 0
5370 0
5371 9
5372 11
5373 2
5374 2
5375 14
5376 17
5377 11
5378 16
5379 9
5380 14
5381 2
5382 2
5383 2
5384 6
5385 7
5386 11
5387 0
5388 0
5389 2
5390 2
5391 2
5392 0
5393 2
5394 9
5395 3
5396 2
5397 2
5398 11
5399 0
5400 2
5401 14
5402 0
5403 0
5404 9
5405 6
5406 9
5407 9
5408 9
5409 17
5410 9
5411 9
5412 0
5413 0
5414 7
5415 15
5416 0
5417 6
5418 0
5419 14
5420 16
5421 14
5422 9
5423 8
5424 13
5425 8
5426 11
5427 0
5428 14
5429 2
5430 16
5431 0
5432 2
5433 0
5434 11
5435 9
5436 11
5437 11
5438 7
5439 16
5440 2
5441 9
5442 2
5443 2
5444 8
5445 2
5446 16
5447 14
5448 2
5449 15
5450 0
5451 9
5452 2
5453 6
5454 6
5455 2
5456 2
5457 2
5458 8
5459 9
5460 2
5461 14
5462 0
5463 15
5464 9
5465 11
5466 2
5467 14
5468 2
5469 9
5470 11
5471 13
5472 10
5473 6
5474 14
5475 6
5476 8
5477 9
5478 11
5479 0
5480 14
5481 9
5482 2
5483 11
5484 6
5485 2
5486 14
5487 9
5488 4
5489 13
5490 8
5491 3
5492 2
5493 14
5494 0
5495 1
5496 9
5497 6
5498 11
5499 9
5500 13
5501 14
5502 8
5503 14
5504 9
5505 2
5506 9
5507 9
5508 5
5509 0
5510 6
5511 9
5512 9
5513 14
5514 2
5515 9
5516 0
5517 9
5518 2
5519 0
5520 16
5521 9
5522 13
5523 0
5524 2
5525 16
5526 6
5527 9
5528 9
5529 11
5530 0
5531 14
5532 2
5533 2
5534 9
5535 9
5536 0
5537 0
5538 9
5539 9
5540 2
5541 0
5542 16
5543 9
5544 2
5545 9
5546 13
5547 8
5548 0
5549 9
5550 9
5551 14
5552 2
5553 2
5554 14
5555 9
5556 0
5557 9
5558 9
5559 0
5560 8
5561 2
5562 11
5563 6
5564 0
5565 16
5566 9
5567 13
5568 0
5569 9
5570 9
5571 8
5572 6
5573 14
5574 2
5575 7
5576 9
5577 16
5578 2
5579 6
5580 8
5581 13
5582 0
5583 2
5584 7
5585 11
5586 9
5587 13
5588 9
5589 2
5590 9
5591 9
5592 9
5593 14
5594 2
5595 9
5596 0
5597 6
5598 9
5599 9
5600 2
5601 9
5602 2
5603 2
5604 2
5605 11
5606 6
5607 14
5608 11
5609 2
5610 16
5611 11
5612 7
5613 2
5614 2
5615 2
5616 2
5617 2
5618 2
5619 9
5620 9
5621 2
5622 13
5623 11
5624 2
5625 9
5626 9
5627 2
5628 11
5629 2
5630 2
5631 9
5632 9
5633 9
5634 9
5635 6
5636 9
5637 9
5638 9
5639 6
5640 2
5641 9
5642 2
5643 2
5644 0
5645 2
5646 9
5647 10
5648 6
5649 2
5650 14
5651 0
5652 2
5653 8
5654 3
5655 9
5656 14
5657 6
5658 2
5659 2
5660 13
5661 11
5662 16
5663 9
5664 14
5665 9
5666 5
5667 2
5668 11
5669 0
5670 6
5671 9
5672 1
5673 14
5674 0
5675 3
5676 16
5677 0
5678 9
5679 0
5680 9
5681 16
5682 9
5683 7
5684 9
5685 14
5686 10
5687 9
5688 0
5689 2
5690 8
5691 11
5692 2
5693 8
5694 0
5695 6
5696 9
5697 8
5698 9
5699 2
5700 6
5701 9
5702 17
5703 0
5704 9
5705 13
5706 9
5707 9
5708 2
5709 14
5710 14
5711 2
5712 7
5713 0
5714 2
5715 13
5716 9
5717 0
5718 9
5719 11
5720 9
5721 6
5722 13
5723 2
5724 14
5725 2
5726 15
5727 8
5728 14
5729 0
5730 16
5731 7
5732 2
5733 14
5734 9
5735 9
5736 16
5737 15
5738 0
5739 13
5740 9
5741 0
5742 9
5743 9
5744 9
5745 2
5746 9
5747 0
5748 14
5749 9
5750 0
5751 9
5752 14
5753 2
5754 8
5755 5
5756 7
5757 2
5758 2
5759 0
5760 11
5761 7
5762 6
5763 9
5764 5
5765 3
5766 8
5767 6
5768 6
5769 0
5770 13
5771 11
5772 14
5773 8
5774 0
5775 0
5776 9
5777 9
5778 13
5779 9
5780 2
5781 13
5782 9
5783 2
5784 9
5785 9
5786 16
5787 11
5788 0
5789 0
5790 16
5791 13
5792 2
5793 14
5794 9
5795 7
5796 14
5797 0
5798 11
5799 6
5800 9
5801 16
5802 0
5803 14
5804 8
5805 2
5806 2
5807 11
5808 9
5809 2
5810 2
5811 6
5812 2
5813 0
5814 11
5815 16
5816 16
5817 0
5818 9
5819 13
5820 16
5821 14
5822 0
5823 9
5824 7
5825 11
5826 0
5827 0
5828 2
5829 14
5830 16
5831 0
5832 16
5833 8
5834 13
5835 9
5836 8
5837 9
5838 13
5839 9
5840 2
5841 14
5842 0
5843 16
5844 8
5845 6
5846 16
5847 9
5848 2
5849 8
5850 13
5851 5
5852 9
5853 0
5854 0
5855 9
5856 4
5857 7
5858 11
5859 9
5860 14
5861 14
5862 9
5863 9
5864 9
5865 14
5866 0
5867 2
5868 9
5869 0
5870 16
5871 2
5872 3
5873 14
5874 16
5875 3
5876 16
5877 14
5878 11
5879 7
5880 9
5881 2
5882 2
5883 9
5884 2
5885 0
5886 2
5887 11
5888 11
5889 6
5890 9
5891 17
5892 16
5893 7
5894 9
5895 2
5896 14
5897 9
5898 9
5899 2
5900 9
5901 6
5902 16
5903 14
5904 0
5905 14
5906 2
5907 9
5908 2
5909 16
5910 11
5911 14
5912 9
5913 13
5914 9
5915 0
5916 2
5917 6
5918 13
5919 9
5920 13
5921 16
5922 11
5923 17
5924 3
5925 16
5926 13
5927 13
5928 15
5929 2
5930 2
5931 9
5932 2
5933 13
5934 0
5935 9
5936 2
5937 0
5938 2
5939 16
5940 9
5941 0
5942 9
5943 9
5944 0
5945 0
5946 0
5947 8
5948 9
5949 9
5950 0
5951 2
5952 11
5953 0
5954 13
5955 2
5956 16
5957 7
5958 9
5959 0
5960 6
5961 8
5962 3
5963 14
5964 8
5965 9
5966 14
5967 10
5968 11
5969 9
5970 2
5971 13
5972 2
5973 2
5974 15
5975 9
5976 0
5977 6
5978 0
5979 14
5980 13
5981 1
5982 1
5983 11
5984 8
5985 6
5986 14
5987 9
5988 7
5989 2
5990 0
5991 9
5992 14
5993 16
5994 9
5995 16
5996 9
5997 11
5998 2
5999 11
6000 10
6001 7
6002 2
6003 6
6004 16
6005 11
6006 13
6007 0
6008 11
6009 13
6010 9
6011 2
6012 2
6013 14
6014 13
6015 2
6016 2
6017 0
6018 6
6019 9
6020 2
6021 11
6022 13
6023 0
6024 11
6025 6
6026 13
6027 16
6028 2
6029 8
6030 2
6031 0
6032 0
6033 9
6034 2
6035 6
6036 14
6037 0
6038 5
6039 11
6040 10
6041 13
6042 2
6043 6
6044 8
6045 9
6046 9
6047 2
6048 0
6049 9
6050 9
6051 0
6052 2
6053 11
6054 9
6055 2
6056 16
6057 8
6058 9
6059 14
6060 15
6061 2
6062 2
6063 9
6064 9
6065 16
6066 9
6067 2
6068 15
6069 2
6070 16
6071 6
6072 13
6073 7
6074 2
6075 2
6076 7
6077 0
6078 2
6079 14
6080 9
6081 14
6082 6
6083 9
6084 1
6085 11
6086 7
6087 14
6088 9
6089 6
6090 0
6091 11
6092 7
6093 9
6094 6
6095 9
6096 6
6097 14
6098 2
6099 8
6100 0
6101 2
6102 9
6103 6
6104 2
6105 0
6106 11
6107 2
6108 0
6109 7
6110 2
6111 2
6112 9
6113 2
6114 8
6115 6
6116 1
6117 2
6118 9
6119 9
6120 9
6121 13
6122 2
6123 11
6124 14
6125 9
6126 2
6127 8
6128 1
6129 2
6130 0
6131 6
6132 11
6133 2
6134 16
6135 9
6136 9
6137 11
6138 13
6139 14
6140 0
6141 0
6142 0
6143 0
6144 14
6145 2
6146 0
6147 0
6148 16
6149 9
6150 9
6151 2
6152 7
6153 11
6154 9
6155 3
6156 0
6157 9
6158 0
6159 15
6160 1
6161 7
6162 11
6163 9
6164 2
6165 0
6166 14
6167 3
6168 0
6169 9
6170 9
6171 9
6172 16
6173 2
6174 2
6175 2
6176 2
6177 9
6178 15
6179 2
6180 11
6181 9
6182 0
6183 16
6184 7
6185 9
6186 13
6187 16
6188 2
6189 9
6190 9
6191 17
6192 2
6193 0
6194 11
6195 9
6196 16
6197 14
6198 14
6199 2
6200 2
6201 3
6202 16
6203 9
6204 2
6205 0
6206 2
6207 16
6208 14
6209 11
6210 2
6211 11
6212 13
6213 9
6214 6
6215 7
6216 13
6217 7
6218 9
6219 0
6220 2
6221 13
6222 16
6223 0
6224 9
6225 13
6226 9
6227 9
6228 13
6229 2
6230 9
6231 9
6232 0
6233 3
6234 0
6235 9
6236 0
6237 14
6238 2
6239 14
6240 9
6241 8
6242 2
6243 6
6244 9
6245 9
6246 11
6247 2
6248 9
6249 7
6250 16
6251 16
6252 15
6253 13
6254 13
6255 3
6256 11
6257 9
6258 9
6259 9
6260 2
6261 6
6262 9
6263 2
6264 4
6265 0
6266 16
6267 9
6268 16
6269 2
6270 3
6271 3
6272 8
6273 15
6274 2
6275 11
6276 14
6277 14
6278 9
6279 9
6280 14
6281 9
6282 16
6283 11
6284 1
6285 0
6286 9
6287 7
6288 2
6289 11
6290 7
6291 0
6292 13
6293 13
6294 13
6295 0
6296 0
6297 8
6298 7
6299 16
6300 16
6301 0
6302 14
6303 8
6304 2
6305 16
6306 14
6307 9
6308 10
6309 9
6310 6
6311 2
6312 16
6313 14
6314 9
6315 9
6316 6
6317 2
6318 0
6319 9
6320 17
6321 7
6322 0
6323 2
6324 9
6325 4
6326 0
6327 14
6328 6
6329 16
6330 14
6331 9
6332 10
6333 0
6334 9
6335 11
6336 9
6337 13
6338 8
6339 2
6340 13
6341 11
6342 13
6343 0
6344 2
6345 8
6346 16
6347 2
6348 10
6349 11
6350 13
6351 0
6352 16
6353 6
6354 0
6355 13
6356 0
6357 16
6358 9
6359 0
6360 11
6361 0
6362 11
6363 16
6364 14
6365 4
6366 14
6367 2
6368 9
6369 0
6370 9
6371 8
6372 9
6373 14
6374 7
6375 9
6376 0
6377 2
6378 16
6379 3
6380 7
6381 0
6382 11
6383 2
6384 11
6385 14
6386 14
6387 0
6388 0
6389 0
6390 13
6391 0
6392 2
6393 13
6394 2
6395 11
6396 2
6397 2
6398 0
6399 9
6400 2
6401 9
6402 11
6403 0
6404 11
6405 0
6406 3
6407 14
6408 16
6409 0
6410 2
6411 16
6412 16
6413 2
6414 6
6415 9
6416 5
6417 13
6418 14
6419 16
6420 16
6421 9
6422 9
6423 7
6424 2
6425 2
6426 2
6427 16
6428 8
6429 14
6430 0
6431 9
6432 14
6433 2
6434 2
6435 16
6436 9
6437 0
6438 9
6439 2
6440 10
6441 11
6442 7
6443 14
6444 0
6445 6
6446 2
6447 11
6448 9
6449 11
6450 9
6451 11
6452 0
6453 1
6454 14
6455 7
6456 8
6457 0
6458 16
6459 14
6460 6
6461 2
6462 2
6463 6
6464 14
6465 6
6466 9
6467 0
6468 13
6469 2
6470 14
6471 8
6472 4
6473 0
6474 6
6475 13
6476 3
6477 6
6478 9
6479 2
6480 16
6481 8
6482 14
6483 2
6484 14
6485 17
6486 8
6487 14
6488 0
6489 6
6490 6
6491 2
6492 14
6493 9
6494 14
6495 13
6496 0
6497 2
6498 14
6499 2
6500 3
6501 2
6502 13
6503 9
6504 9
6505 9
6506 8
6507 0
6508 11
6509 2
6510 3
6511 2
6512 13
6513 1
6514 6
6515 13
6516 2
6517 0
6518 14
6519 14
6520 13
6521 0
6522 15
6523 0
6524 2
6525 0
6526 9
6527 14
6528 13
6529 16
6530 9
6531 13
6532 2
6533 2
6534 9
6535 2
6536 0
6537 6
6538 13
6539 14
6540 9
6541 9
6542 6
6543 14
6544 2
6545 3
6546 7
6547 9
6548 9
6549 8
6550 2
6551 8
6552 0
6553 0
6554 0
6555 0
6556 9
6557 16
6558 0
6559 0
6560 13
6561 9
6562 9
6563 13
6564 11
6565 7
6566 16
6567 2
6568 14
6569 4
6570 11
6571 2
6572 9
6573 11
6574 16
6575 16
6576 9
6577 9
6578 9
6579 0
6580 0
6581 9
6582 4
6583 14
6584 7
6585 14
6586 2
6587 3
6588 6
6589 9
6590 16
6591 14
6592 13
6593 16
6594 9
6595 0
6596 9
6597 14
6598 10
6599 9
6600 11
6601 0
6602 2
6603 0
6604 2
6605 6
6606 13
6607 0
6608 2
6609 9
6610 0
6611 11
6612 3
6613 0
6614 6
6615 0
6616 7
6617 9
6618 0
6619 6
6620 9
6621 14
6622 2
6623 3
6624 11
6625 14
6626 5
6627 9
6628 9
6629 9
6630 2
6631 9
6632 11
6633 0
6634 11
6635 9
6636 11
6637 16
6638 9
6639 0
6640 10
6641 2
6642 16
6643 9
6644 0
6645 16
6646 9
6647 8
6648 9
6649 0
6650 9
6651 9
6652 10
6653 14
6654 0
6655 6
6656 14
6657 9
6658 16
6659 9
6660 11
6661 16
6662 10
6663 2
6664 2
6665 0
6666 0
6667 6
6668 8
6669 2
6670 11
6671 2
6672 2
6673 9
6674 9
6675 13
6676 9
6677 14
6678 6
6679 9
6680 0
6681 0
6682 6
6683 13
6684 9
6685 14
6686 9
6687 16
6688 16
6689 0
6690 6
6691 4
6692 9
6693 14
6694 11
6695 0
6696 13
6697 0
6698 0
6699 9
6700 13
6701 2
6702 14
6703 2
6704 15
6705 6
6706 6
6707 0
6708 2
6709 16
6710 2
6711 14
6712 6
6713 14
6714 13
6715 2
6716 17
6717 9
6718 2
6719 14
6720 2
6721 16
6722 9
6723 10
6724 9
6725 7
6726 16
6727 15
6728 0
6729 13
6730 2
6731 10
6732 16
6733 16
6734 2
6735 2
6736 0
6737 14
6738 9
6739 2
6740 8
6741 16
6742 6
6743 2
6744 9
6745 14
6746 6
6747 13
6748 14
6749 9
6750 0
6751 0
6752 7
6753 0
6754 2
6755 16
6756 6
6757 3
6758 7
6759 6
6760 0
6761 11
6762 6
6763 2
6764 0
6765 2
6766 9
6767 2
6768 5
6769 6
6770 16
6771 9
6772 11
6773 2
6774 14
6775 11
6776 2
6777 9
6778 12
6779 13
6780 2
6781 2
6782 6
6783 17
6784 11
6785 7
6786 9
6787 6
6788 6
6789 0
6790 9
6791 9
6792 0
6793 8
6794 6
6795 11
6796 2
6797 0
6798 2
6799 3
6800 15
6801 14
6802 2
6803 14
6804 3
6805 14
6806 16
6807 6
6808 0
6809 9
6810 7
6811 5
6812 7
6813 2
6814 3
6815 0
6816 9
6817 17
6818 7
6819 2
6820 16
6821 0
6822 13
6823 2
6824 11
6825 2
6826 14
6827 2
6828 3
6829 2
6830 11
6831 2
6832 6
6833 0
6834 13
6835 2
6836 9
6837 14
6838 6
6839 2
6840 9
6841 0
6842 2
6843 8
6844 2
6845 16
6846 0
6847 9
6848 8
6849 9
6850 2
6851 6
6852 16
6853 9
6854 2
6855 9
6856 9
6857 0
6858 16
6859 2
6860 14
6861 9
6862 7
6863 0
6864 11
6865 14
6866 7
6867 16
6868 9
6869 16
6870 0
6871 14
6872 14
6873 6
6874 9
6875 9
6876 16
6877 2
6878 16
6879 9
6880 2
6881 6
6882 2
6883 6
6884 13
6885 9
6886 2
6887 13
6888 9
6889 9
6890 13
6891 14
6892 11
6893 2
6894 13
6895 6
6896 9
6897 0
6898 6
6899 9
6900 16
6901 11
6902 13
6903 16
6904 0
6905 9
6906 6
6907 11
6908 2
6909 12
6910 0
6911 5
6912 0
6913 9
6914 11
6915 2
6916 3
6917 0
6918 6
6919 9
6920 9
6921 9
6922 11
6923 14
6924 2
6925 14
6926 2
6927 17
6928 6
6929 11
6930 0
6931 0
6932 2
6933 17
6934 9
6935 9
6936 11
6937 1
6938 9
6939 16
6940 9
6941 11
6942 3
6943 8
6944 14
6945 14
6946 9
6947 6
6948 0
6949 9
6950 0
6951 9
6952 2
6953 0
6954 14
6955 9
6956 14
6957 11
6958 7
6959 7
6960 0
6961 14
6962 14
6963 11
6964 16
6965 11
6966 9
6967 16
6968 2
6969 16
6970 11
6971 2
6972 2
6973 9
6974 9
6975 0
6976 2
6977 14
6978 13
6979 16
6980 11
6981 16
6982 4
6983 2
6984 2
6985 9
6986 9
6987 9
6988 0
6989 9
6990 2
6991 16
6992 14
6993 7
6994 1
6995 2
6996 9
6997 14
6998 9
6999 9
7000 11
7001 7
7002 2
7003 14
7004 11
7005 14
7006 0
7007 8
7008 11
7009 9
7010 9
7011 14
7012 0
7013 2
7014 3
7015 16
7016 16
7017 0
7018 13
7019 9
7020 16
7021 9
7022 11
7023 9
7024 2
7025 6
7026 9
7027 16
7028 9
7029 15
7030 9
7031 16
7032 9
7033 7
7034 13
7035 13
7036 14
7037 6
7038 2
7039 3
7040 2
7041 11
7042 0
7043 7
7044 14
7045 13
7046 16
7047 3
7048 14
7049 9
7050 16
7051 11
7052 9
7053 9
7054 13
7055 0
7056 8
7057 8
7058 9
7059 7
7060 2
7061 6
7062 2
7063 9
7064 7
7065 9
7066 9
7067 16
7068 2
7069 2
7070 9
7071 1
7072 0
7073 13
7074 2
7075 0
7076 5
7077 2
7078 9
7079 9
7080 2
7081 9
7082 7
7083 6
7084 5
7085 2
7086 9
7087 9
7088 2
7089 6
7090 14
7091 0
7092 2
7093 9
7094 2
7095 2
7096 13
7097 14
7098 2
7099 8
7100 2
7101 11
7102 17
7103 9
7104 11
7105 11
7106 15
7107 14
7108 0
7109 16
7110 9
7111 9
7112 2
7113 10
7114 14
7115 2
7116 6
7117 6
7118 0
7119 9
7120 9
7121 3
7122 2
7123 6
7124 2
7125 9
7126 2
7127 0
7128 11
7129 14
7130 0
7131 2
7132 9
7133 11
7134 0
7135 16
7136 11
7137 2
7138 9
7139 7
7140 9
7141 7
7142 9
7143 2
7144 7
7145 9
7146 8
7147 9
7148 11
7149 10
7150 11
7151 14
7152 9
7153 11
7154 8
7155 4
7156 3
7157 4
7158 2
7159 16
7160 0
7161 7
7162 16
7163 9
7164 2
7165 9
7166 9
7167 8
7168 16
7169 0
7170 14
7171 0
7172 11
7173 2
7174 0
7175 8
7176 15
7177 14
7178 9
7179 0
7180 13
7181 0
7182 16
7183 2
7184 2
7185 9
7186 2
7187 0
7188 17
7189 16
7190 9
7191 2
7192 7
7193 16
7194 16
7195 13
7196 8
7197 9
7198 6
7199 9
7200 6
7201 16
7202 0
7203 0
7204 14
7205 9
7206 0
7207 4
7208 7
7209 14
7210 2
7211 9
7212 9
7213 13
7214 9
7215 3
7216 2
7217 2
7218 0
7219 2
7220 13
7221 11
7222 10
7223 2
7224 6
7225 2
7226 0
7227 3
7228 9
7229 13
7230 3
7231 2
7232 13
7233 2
7234 2
7235 2
7236 13
7237 0
7238 9
7239 7
7240 2
7241 9
7242 16
7243 15
7244 2
7245 14
7246 14
7247 0
7248 6
7249 11
7250 17
7251 9
7252 0
7253 0
7254 9
7255 13
7256 16
7257 7
7258 11
7259 0
7260 2
7261 0
7262 9
7263 0
7264 13
7265 8
7266 14
7267 2
7268 6
7269 14
7270 0
7271 14
7272 0
7273 6
7274 15
7275 2
7276 9
7277 0
7278 9
7279 11
7280 8
7281 0
7282 0
7283 15
7284 0
7285 14
7286 1
7287 10
7288 2
7289 6
7290 6
7291 1
7292 9
7293 0
7294 16
7295 6
7296 2
7297 2
7298 6
7299 3
7300 14
7301 14
7302 14
7303 2
7304 9
7305 0
7306 13
7307 7
7308 9
7309 6
7310 9
7311 9
7312 9
7313 9
7314 11
7315 7
7316 9
7317 14
7318 11
7319 2
7320 9
7321 2
7322 0
7323 9
7324 2
7325 8
7326 2
7327 2
7328 0
7329 8
7330 2
7331 2
7332 9
7333 13
7334 3
7335 13
7336 14
7337 11
7338 13
7339 6
7340 11
7341 2
7342 13
7343 8
7344 0
7345 9
7346 2
7347 0
7348 11
7349 0
7350 16
7351 8
7352 16
7353 0
7354 7
7355 2
7356 2
7357 2
7358 2
7359 2
7360 7
7361 8
7362 2
7363 2
7364 2
7365 11
7366 9
7367 2
7368 9
7369 16
7370 8
7371 7
7372 2
7373 9
7374 16
7375 0
7376 9
7377 9
7378 9
7379 0
7380 0
7381 9
7382 10
7383 2
7384 2
7385 9
7386 9
7387 8
7388 16
7389 13
7390 2
7391 0
7392 6
7393 13
7394 9
7395 9
7396 0
7397 2
7398 0
7399 2
7400 9
7401 9
7402 16
7403 2
7404 0
7405 3
7406 7
7407 13
7408 9
7409 0
7410 3
7411 2
7412 8
7413 9
7414 0
7415 2
7416 2
7417 13
7418 9
7419 9
7420 13
7421 14
7422 13
7423 9
7424 17
7425 0
7426 2
7427 2
7428 2
7429 16
7430 0
7431 2
7432 8
7433 0
7434 13
7435 2
7436 0
7437 6
7438 13
7439 11
7440 2
7441 5
7442 0
7443 6
7444 0
7445 17
7446 9
7447 6
7448 9
7449 11
7450 2
7451 14
7452 7
7453 9
7454 7
7455 9
7456 0
7457 9
7458 9
7459 16
7460 0
7461 9
7462 9
7463 6
7464 14
7465 6
7466 0
7467 2
7468 10
7469 16
7470 2
7471 4
7472 14
7473 14
7474 1
7475 10
7476 2
7477 3
7478 6
7479 14
7480 2
7481 2
7482 9
7483 8
7484 0
7485 2
7486 9
7487 9
7488 9
7489 16
7490 0
7491 2
7492 14
7493 13
7494 6
7495 9
7496 14
7497 9
7498 6
7499 14
7500 9
7501 14
7502 8
7503 6
7504 13
7505 10
7506 8
7507 0
7508 9
7509 2
7510 9
7511 0
7512 7
7513 9
7514 14
7515 17
7516 2
7517 0
7518 9
7519 13
7520 6
7521 0
7522 2
7523 6
7524 14
7525 6
7526 9
7527 6
7528 9
7529 0
7530 14
7531 0
7532 0
7533 7
7534 11
7535 14
7536 7
7537 14
7538 6
7539 9
7540 7
7541 0
7542 13
7543 11
7544 6
7545 13
7546 11
7547 0
7548 0
7549 11
7550 11
7551 13
7552 16
7553 2
7554 9
7555 2
7556 2
7557 0
7558 0
7559 9
7560 7
7561 11
7562 9
7563 6
7564 9
7565 2
7566 2
7567 2
7568 2
7569 9
7570 9
7571 11
7572 0
7573 9
7574 6
7575 0
7576 9
7577 9
7578 0
7579 10
7580 9
7581 16
7582 8
7583 15
7584 2
7585 0
7586 2
7587 9
7588 14
7589 9
7590 0
7591 9
7592 13
7593 9
7594 9
7595 9
7596 9
7597 9
7598 2
7599 6
7600 9
7601 6
7602 9
7603 9
7604 3
7605 2
7606 0
7607 9
7608 6
7609 2
7610 9
7611 0
7612 14
7613 14
7614 9
7615 9
7616 2
7617 8
7618 9
7619 2
7620 2
7621 0
7622 9
7623 3
